1000 1
[0.375, 0.4444444444444444, 0.5384615384615384, 0.42857142857142855, 0.38461538461538464, 0.6, 0.38461538461538464, 0.625, 0.25, 0.3, 0.5384615384615384, 0.46153846153846156, 0.6666666666666666, 0.4444444444444444, 0.39572488576635756, 0.5833333333333334, 0.4, 0.3994650442174472, 0.25, 0.5429024508215757, 0.625, 0.7, 0.42857142857142855, 0.5294117647058824, 0.375]
1000 2
[0.22360679774997896, 0.23570226039551584, 0.299572344757639, 0.18156825980064073, 0.17902871850985821, 0.4472135954999579, 0.17902871850985821, 0.4225771273642583, 0.0, 0.0, 0.3668996928526714, 0.2773500981126146, 0.408248290463863, 0.22866478019001177, 0.23780106110128865, 0.4605661864718383, 0.29814239699997197, 0.251324578876653, 0.15075567228888181, 0.3303999098220179, 0.4225771273642583, 0.557773351022717, 0.3144854510165755, 0.31506301890630223, 0.23145502494313785]
1000 3
[0.0, 0.0, 0.0, 0.0, 0.0, 0.36840314986403866, 0.0, 0.0, 0.0, 0.0, 0.2304450251853145, 0.0, 0.0, 0.14839736556693645, 0.0, 0.34876912512510894, 0.22314431669405652, 0.0, 0.0, 0.0, 0.0, 0.33879878560495114, 0.2019946918985375, 0.18774477834581887, 0.0]
10000 1
[0.375, 0.5555555555555556, 0.6153846153846154, 0.5, 0.3076923076923077, 0.6, 0.38461538461538464, 0.75, 0.25, 0.5, 0.6153846153846154, 0.46153846153846156, 0.5555555555555556, 0.3333333333333333, 0.39572488576635756, 0.5, 0.4, 0.499331305271809, 0.5, 0.5429024508215757, 0.875, 0.9, 0.5, 0.5294117647058824, 0.375]
10000 2
[0.15811388300841897, 0.26352313834736496, 0.4529108136578383, 0.19611613513818404, 0.16012815380508713, 0.4472135954999579, 0.17902871850985821, 0.6546536707079771, 0.0, 0.23570226039551584, 0.3922322702763681, 0.2773500981126146, 0.26352313834736496, 0.19802950859533486, 0.2912456299952812, 0.3692744729379982, 0.29814239699997197, 0.28098942139235195, 0.30151134457776363, 0.3303999098220179, 0.6123724356957945, 0.7071067811865476, 0.3396831102433787, 0.31506301890630223, 0.23145502494313785]
10000 3
[0.0, 0.0, 0.33410852992355755, 0.0, 0.0, 0.36840314986403866, 0.0, 0.5227579585747102, 0.0, 0.0, 0.2409339418591454, 0.0, 0.0, 0.13482795444685966, 0.18768830180431176, 0.23890919115885198, 0.22314431669405652, 0.0, 0.0, 0.0, 0.3968502629920499, 0.5, 0.2126451851414951, 0.18774477834581887, 0.0]
15000 1
[0.375, 0.4444444444444444, 0.46153846153846156, 0.5, 0.3076923076923077, 0.6, 0.46153846153846156, 0.75, 0.375, 0.5, 0.6153846153846154, 0.38461538461538464, 0.4444444444444444, 0.3888888888888889, 0.39572488576635756, 0.5, 0.5, 0.4493981747446281, 0.3333333333333333, 0.5429024508215757, 0.875, 0.8, 0.5, 0.5294117647058824, 0.375]
15000 2
[0.15811388300841897, 0.23570226039551584, 0.2773500981126146, 0.19611613513818404, 0.16012815380508713, 0.4472135954999579, 0.19611613513818404, 0.6546536707079771, 0.0, 0.23570226039551584, 0.3922322702763681, 0.25318484177091666, 0.23570226039551584, 0.2138963159732493, 0.2912456299952812, 0.3692744729379982, 0.408248290463863, 0.21765346990260742, 0.17407765595569785, 0.3303999098220179, 0.6123724356957945, 0.5163977794943222, 0.3396831102433787, 0.31506301890630223, 0.23145502494313785]
15000 3
[0.0, 0.0, 0.0, 0.0, 0.0, 0.36840314986403866, 0.0, 0.5227579585747102, 0.0, 0.0, 0.2409339418591454, 0.0, 0.0, 0.14193697401713318, 0.18768830180431176, 0.23890919115885198, 0.3466806371753174, 0.0, 0.0, 0.0, 0.3968502629920499, 0.3218297948685433, 0.2126451851414951, 0.18774477834581887, 0.0]
30000 1
[0.375, 0.4444444444444444, 0.46153846153846156, 0.5, 0.3076923076923077, 0.6, 0.46153846153846156, 0.75, 0.375, 0.5, 0.6153846153846154, 0.46153846153846156, 0.6666666666666666, 0.5, 0.39572488576635756, 0.5, 0.4, 0.4493981747446281, 0.3333333333333333, 0.5429024508215757, 0.75, 0.8, 0.5, 0.4117647058823529, 0.375]
30000 2
[0.15811388300841897, 0.23570226039551584, 0.2773500981126146, 0.19611613513818404, 0.16012815380508713, 0.4472135954999579, 0.19611613513818404, 0.6546536707079771, 0.0, 0.23570226039551584, 0.3922322702763681, 0.2773500981126146, 0.28867513459481287, 0.2970442628930023, 0.2912456299952812, 0.3692744729379982, 0.29814239699997197, 0.21765346990260742, 0.17407765595569785, 0.3303999098220179, 0.5669467095138409, 0.5163977794943222, 0.3396831102433787, 0.22687130324325752, 0.23145502494313785]
30000 3
[0.0, 0.0, 0.0, 0.0, 0.0, 0.36840314986403866, 0.0, 0.5227579585747102, 0.0, 0.0, 0.2409339418591454, 0.0, 0.0, 0.1766746006576983, 0.18768830180431176, 0.23890919115885198, 0.22314431669405652, 0.0, 0.0, 0.0, 0.3769737205645769, 0.3218297948685433, 0.2126451851414951, 0.0, 0.0]
